0 0.352000 0.152000 0.104000 0.084000
0 0.570000 0.126000 0.108000 0.084000
0 0.531000 0.182000 0.066000 0.064000
0 0.595000 0.227000 0.090000 0.090000
0 0.383000 0.216000 0.102000 0.048000
0 0.508000 0.234000 0.088000 0.072000
0 0.513000 0.305000 0.078000 0.090000
0 0.172000 0.317000 0.096000 0.082000
0 0.688000 0.319000 0.080000 0.106000
0 0.755000 0.329000 0.062000 0.106000
0 0.635000 0.437000 0.074000 0.106000
0 0.349000 0.375000 0.074000 0.106000
0 0.405000 0.341000 0.070000 0.046000
0 0.445000 0.375000 0.078000 0.062000
0 0.437000 0.445000 0.078000 0.058000
0 0.384000 0.485000 0.084000 0.062000
0 0.301000 0.430000 0.086000 0.084000
0 0.185000 0.434000 0.070000 0.084000
0 0.152000 0.569000 0.084000 0.078000
0 0.275000 0.624000 0.098000 0.084000
0 0.289000 0.526000 0.082000 0.084000
0 0.380000 0.587000 0.084000 0.074000
0 0.496000 0.489000 0.080000 0.110000
0 0.564000 0.442000 0.052000 0.072000
0 0.571000 0.514000 0.066000 0.092000
0 0.462000 0.656000 0.084000 0.184000
0 0.597000 0.627000 0.098000 0.086000
0 0.732000 0.593000 0.108000 0.094000
0 0.615000 0.705000 0.102000 0.102000
0 0.660000 0.734000 0.092000 0.100000
0 0.367000 0.775000 0.102000 0.062000