0 0.136735 0.147059 0.175510 0.169748
0 0.880272 0.144538 0.130612 0.252101
0 0.292517 0.223529 0.114286 0.121008
0 0.338776 0.142017 0.108844 0.129412
0 0.473469 0.285714 0.078912 0.188235
0 0.344218 0.313445 0.138776 0.112605
0 0.514966 0.131092 0.096599 0.184874
0 0.431973 0.091597 0.091156 0.129412
0 0.535374 0.057983 0.107483 0.105882
0 0.618367 0.150420 0.082993 0.159664
0 0.738776 0.121008 0.133333 0.131092
0 0.702041 0.047899 0.106122 0.085714
0 0.761224 0.328571 0.183673 0.109244
0 0.777551 0.470588 0.164626 0.178151
0 0.503401 0.540336 0.225850 0.126050
0 0.306803 0.418487 0.243537 0.097479
0 0.333333 0.443697 0.078912 0.205042
0 0.276190 0.542017 0.138776 0.186555
0 0.083673 0.593277 0.110204 0.285714
0 0.093878 0.602521 0.182313 0.109244
0 0.115646 0.723529 0.157823 0.169748
0 0.063946 0.825210 0.125170 0.104202
0 0.173469 0.878992 0.104762 0.211765
0 0.284354 0.811765 0.136054 0.208403
0 0.418367 0.683193 0.121088 0.173109
0 0.525170 0.829412 0.084354 0.300840
0 0.479592 0.825210 0.202721 0.104202
0 0.704762 0.720168 0.097959 0.257143
0 0.918367 0.784034 0.065306 0.233613
0 0.885034 0.791597 0.221769 0.137815
0 0.784354 0.850420 0.137415 0.121008
0 0.763265 0.954622 0.220408 0.090756
0 0.623810 0.893277 0.072109 0.213445
0 0.861905 0.909244 0.066667 0.181513