0 0.368000 0.014000 0.056000 0.024000
0 0.380000 0.109000 0.092000 0.042000
0 0.401000 0.143000 0.090000 0.030000
0 0.465000 0.180000 0.090000 0.044000
0 0.463000 0.221000 0.074000 0.042000
0 0.443000 0.268000 0.062000 0.096000
0 0.099000 0.147000 0.046000 0.050000
0 0.185000 0.119000 0.086000 0.026000
0 0.244000 0.122000 0.048000 0.076000
0 0.157000 0.149000 0.050000 0.030000
0 0.145000 0.154000 0.046000 0.056000
0 0.216000 0.181000 0.116000 0.022000
0 0.192000 0.171000 0.028000 0.070000
0 0.112000 0.223000 0.076000 0.038000
0 0.133000 0.244000 0.070000 0.040000
0 0.142000 0.285000 0.040000 0.090000
0 0.193000 0.283000 0.046000 0.078000
0 0.161000 0.370000 0.054000 0.044000
0 0.112000 0.388000 0.056000 0.080000
0 0.297000 0.378000 0.042000 0.104000
0 0.235000 0.326000 0.042000 0.096000
0 0.046000 0.229000 0.028000 0.070000
0 0.022000 0.266000 0.032000 0.068000
0 0.035000 0.298000 0.054000 0.048000
0 0.034000 0.336000 0.060000 0.036000
0 0.037000 0.371000 0.050000 0.066000
0 0.132000 0.494000 0.052000 0.076000
0 0.098000 0.552000 0.052000 0.096000
0 0.017000 0.535000 0.030000 0.070000
0 0.279000 0.524000 0.046000 0.080000
0 0.031000 0.608000 0.058000 0.040000
0 0.024000 0.668000 0.044000 0.064000
0 0.386000 0.580000 0.104000 0.060000
0 0.487000 0.548000 0.074000 0.076000
0 0.316000 0.444000 0.048000 0.072000
0 0.331000 0.480000 0.030000 0.088000
0 0.378000 0.478000 0.080000 0.048000
0 0.468000 0.430000 0.064000 0.072000
0 0.378000 0.457000 0.080000 0.030000
0 0.188000 0.695000 0.092000 0.026000
0 0.046000 0.741000 0.056000 0.054000
0 0.051000 0.776000 0.062000 0.024000
0 0.117000 0.758000 0.082000 0.032000
0 0.280000 0.713000 0.032000 0.062000
0 0.252000 0.730000 0.056000 0.044000
0 0.261000 0.800000 0.058000 0.064000
0 0.208000 0.773000 0.056000 0.074000
0 0.176000 0.766000 0.048000 0.052000
0 0.182000 0.799000 0.072000 0.038000
0 0.154000 0.794000 0.096000 0.036000
0 0.129000 0.804000 0.062000 0.084000
0 0.068000 0.802000 0.052000 0.044000
0 0.093000 0.842000 0.086000 0.028000
0 0.163000 0.845000 0.054000 0.042000
0 0.127000 0.872000 0.086000 0.048000
0 0.200000 0.861000 0.040000 0.034000
0 0.232000 0.875000 0.068000 0.038000
0 0.197000 0.907000 0.046000 0.066000
0 0.383000 0.772000 0.038000 0.080000
0 0.521000 0.780000 0.110000 0.060000
0 0.386000 0.818000 0.080000 0.024000
0 0.347000 0.835000 0.034000 0.030000
0 0.380000 0.857000 0.088000 0.030000
0 0.479000 0.890000 0.078000 0.032000
0 0.452000 0.834000 0.064000 0.052000
0 0.317000 0.915000 0.070000 0.050000
0 0.299000 0.973000 0.062000 0.054000
0 0.355000 0.970000 0.054000 0.060000
0 0.431000 0.973000 0.054000 0.054000
0 0.531000 0.926000 0.066000 0.060000
0 0.656000 0.942000 0.072000 0.032000
0 0.462000 0.047000 0.048000 0.090000
0 0.512000 0.020000 0.080000 0.028000
0 0.544000 0.036000 0.076000 0.036000
0 0.541000 0.099000 0.082000 0.038000
0 0.581000 0.102000 0.038000 0.036000
0 0.641000 0.119000 0.050000 0.074000
0 0.585000 0.151000 0.106000 0.042000
0 0.597000 0.273000 0.066000 0.042000
0 0.514000 0.326000 0.068000 0.084000
0 0.612000 0.320000 0.084000 0.072000
0 0.707000 0.330000 0.054000 0.080000
0 0.743000 0.313000 0.054000 0.062000
0 0.685000 0.068000 0.054000 0.052000
0 0.681000 0.124000 0.034000 0.060000
0 0.743000 0.147000 0.054000 0.046000
0 0.763000 0.122000 0.062000 0.048000
0 0.820000 0.122000 0.060000 0.056000
0 0.838000 0.093000 0.064000 0.062000
0 0.864000 0.147000 0.056000 0.054000
0 0.889000 0.162000 0.054000 0.044000
0 0.771000 0.193000 0.038000 0.038000
0 0.827000 0.186000 0.058000 0.028000
0 0.817000 0.210000 0.042000 0.028000
0 0.652000 0.439000 0.076000 0.042000
0 0.605000 0.518000 0.042000 0.084000
0 0.731000 0.506000 0.090000 0.028000
0 0.810000 0.515000 0.060000 0.046000
0 0.757000 0.533000 0.078000 0.042000
0 0.682000 0.574000 0.048000 0.036000
0 0.658000 0.633000 0.040000 0.078000
0 0.692000 0.619000 0.072000 0.058000
0 0.731000 0.594000 0.030000 0.064000
0 0.761000 0.571000 0.042000 0.054000
0 0.796000 0.626000 0.040000 0.116000
0 0.833000 0.621000 0.046000 0.094000
0 0.755000 0.675000 0.114000 0.038000
0 0.716000 0.744000 0.036000 0.084000
0 0.753000 0.759000 0.086000 0.030000
0 0.480000 0.671000 0.060000 0.074000
0 0.486000 0.611000 0.100000 0.038000
0 0.626000 0.747000 0.084000 0.034000
0 0.668000 0.782000 0.048000 0.040000
0 0.671000 0.846000 0.106000 0.044000
0 0.795000 0.884000 0.062000 0.048000
0 0.743000 0.863000 0.066000 0.054000
0 0.714000 0.906000 0.048000 0.084000
0 0.923000 0.801000 0.050000 0.090000
0 0.895000 0.687000 0.042000 0.066000
0 0.951000 0.671000 0.042000 0.074000
0 0.910000 0.595000 0.036000 0.090000
0 0.968000 0.580000 0.044000 0.092000
0 0.951000 0.625000 0.046000 0.050000
0 0.793000 0.324000 0.042000 0.088000
0 0.812000 0.242000 0.064000 0.024000
0 0.886000 0.313000 0.028000 0.074000
0 0.894000 0.238000 0.040000 0.056000
0 0.937000 0.329000 0.054000 0.030000
0 0.862000 0.308000 0.048000 0.044000
0 0.903000 0.385000 0.026000 0.074000
0 0.913000 0.466000 0.042000 0.060000
0 0.972000 0.292000 0.036000 0.076000
0 0.936000 0.506000 0.040000 0.044000
0 0.897000 0.524000 0.030000 0.068000
0 0.928000 0.534000 0.036000 0.044000
0 0.979000 0.427000 0.038000 0.074000
0 0.953000 0.364000 0.022000 0.056000
0 0.976000 0.361000 0.032000 0.046000
0 0.895000 0.389000 0.070000 0.034000
0 0.925000 0.276000 0.030000 0.068000
0 0.856000 0.235000 0.028000 0.070000
0 0.857000 0.267000 0.050000 0.050000
0 0.542000 0.188000 0.044000 0.072000
0 0.940000 0.223000 0.044000 0.046000
0 0.643000 0.533000 0.050000 0.062000
0 0.979000 0.514000 0.034000 0.064000
0 0.527000 0.407000 0.038000 0.066000
0 0.687000 0.577000 0.058000 0.038000
0 0.944000 0.433000 0.036000 0.070000
0 0.676000 0.174000 0.068000 0.036000
0 0.820000 0.115000 0.060000 0.062000