0 0.388571 0.340000 0.068571 0.131429
0 0.177143 0.570000 0.091429 0.111429
0 0.270000 0.485714 0.094286 0.074286
0 0.332857 0.528571 0.054286 0.074286
0 0.364286 0.622857 0.122857 0.085714
0 0.391429 0.894286 0.131429 0.085714
0 0.550000 0.320000 0.105714 0.074286
0 0.647143 0.341429 0.094286 0.082857
0 0.605714 0.442857 0.137143 0.051429
0 0.744286 0.505714 0.145714 0.057143
0 0.575714 0.522857 0.082857 0.097143
0 0.721429 0.547143 0.094286 0.071429
0 0.558571 0.594286 0.094286 0.057143
0 0.608571 0.634286 0.080000 0.068571
0 0.612857 0.701429 0.071429 0.088571
0 0.552857 0.744286 0.134286 0.048571
0 0.698571 0.772857 0.060000 0.145714
0 0.540000 0.797143 0.142857 0.080000