0 0.182500 0.253125 0.092500 0.091250
0 0.303125 0.276250 0.116250 0.090000
0 0.177500 0.349375 0.090000 0.076250
0 0.221250 0.416250 0.140000 0.072500
0 0.125625 0.438750 0.051250 0.087500
0 0.126250 0.527500 0.095000 0.110000
0 0.211875 0.511250 0.118750 0.075000
0 0.210000 0.591250 0.070000 0.157500
0 0.268125 0.605000 0.083750 0.160000
0 0.326250 0.416250 0.067500 0.165000
0 0.411250 0.327500 0.115000 0.105000
0 0.424375 0.388750 0.111250 0.080000
0 0.473125 0.460000 0.151250 0.072500
0 0.707500 0.293125 0.092500 0.143750
0 0.665000 0.473750 0.082500 0.100000
0 0.766250 0.396250 0.060000 0.140000
0 0.840000 0.418750 0.095000 0.155000
0 0.614375 0.530625 0.066250 0.118750
0 0.616875 0.426250 0.091250 0.125000
0 0.515625 0.591875 0.116250 0.161250
0 0.385000 0.687500 0.137500 0.132500
0 0.437500 0.823125 0.142500 0.111250
0 0.576250 0.775000 0.155000 0.092500
0 0.606250 0.843750 0.172500 0.072500
0 0.658750 0.635625 0.087500 0.116250