0 0.522000 0.067000 0.292000 0.098000
0 0.568000 0.203000 0.116000 0.186000
0 0.675000 0.260000 0.086000 0.132000
0 0.474000 0.251000 0.168000 0.154000
0 0.383000 0.304000 0.086000 0.272000
0 0.548000 0.384000 0.252000 0.080000
0 0.253000 0.378000 0.066000 0.260000
0 0.057000 0.285000 0.094000 0.190000
0 0.340000 0.484000 0.128000 0.180000
0 0.211000 0.618000 0.106000 0.100000
0 0.113000 0.644000 0.042000 0.044000
0 0.256000 0.747000 0.096000 0.190000
0 0.493000 0.608000 0.154000 0.200000
0 0.675000 0.570000 0.106000 0.276000
0 0.840000 0.511000 0.228000 0.218000
0 0.779000 0.772000 0.174000 0.320000
0 0.462000 0.783000 0.184000 0.118000
0 0.503000 0.835000 0.214000 0.070000
0 0.419000 0.932000 0.278000 0.132000