0 0.144000 0.399000 0.100000 0.314000
0 0.313000 0.377000 0.102000 0.174000
0 0.244000 0.451000 0.148000 0.102000
0 0.397000 0.323000 0.170000 0.094000
0 0.470000 0.221000 0.180000 0.090000
0 0.538000 0.320000 0.140000 0.164000
0 0.606000 0.457000 0.172000 0.106000
0 0.305000 0.546000 0.178000 0.068000
0 0.295000 0.676000 0.138000 0.184000
0 0.434000 0.693000 0.104000 0.186000
0 0.538000 0.593000 0.236000 0.134000
0 0.427000 0.447000 0.114000 0.170000
0 0.663000 0.719000 0.278000 0.130000
0 0.892000 0.472000 0.100000 0.252000
0 0.747000 0.457000 0.086000 0.206000
0 0.783000 0.502000 0.078000 0.192000
0 0.747000 0.279000 0.158000 0.078000
0 0.651000 0.221000 0.094000 0.118000
0 0.422000 0.041000 0.200000 0.070000