0 0.301875 0.558750 0.163750 0.057500
0 0.401875 0.559375 0.073750 0.128750
0 0.502500 0.682500 0.120000 0.080000
0 0.371875 0.716250 0.078750 0.115000
0 0.447500 0.783125 0.142500 0.071250
0 0.598125 0.761250 0.068750 0.117500
0 0.698750 0.661250 0.060000 0.155000
0 0.290625 0.357500 0.068750 0.140000
0 0.384375 0.235625 0.108750 0.096250
0 0.600000 0.254375 0.095000 0.083750
0 0.427500 0.276250 0.072500 0.047500
0 0.553750 0.371250 0.097500 0.085000
0 0.595625 0.323125 0.101250 0.071250
0 0.682500 0.322500 0.057500 0.112500
0 0.640625 0.393750 0.073750 0.107500
0 0.676875 0.458125 0.051250 0.086250
0 0.753750 0.383750 0.070000 0.152500
0 0.364375 0.379375 0.073750 0.101250