0 0.134896 0.026562 0.144792 0.051042
0 0.242188 0.051562 0.090625 0.101042
0 0.018229 0.073438 0.034375 0.071875
0 0.089063 0.119792 0.161458 0.066667
0 0.112500 0.139063 0.043750 0.134375
0 0.171875 0.132812 0.043750 0.121875
0 0.244792 0.137500 0.100000 0.068750
0 0.195833 0.201563 0.091667 0.044792
0 0.036458 0.299479 0.070833 0.178125
0 0.068229 0.372396 0.069792 0.071875
0 0.068229 0.203125 0.096875 0.062500
0 0.345313 0.132812 0.059375 0.148958
0 0.346354 0.065625 0.071875 0.120833
0 0.405729 0.059896 0.092708 0.111458
0 0.550000 0.023438 0.160417 0.044792
0 0.644792 0.053125 0.154167 0.064583
0 0.733333 0.095833 0.089583 0.102083
0 0.932813 0.056771 0.101042 0.111458
0 0.924479 0.196875 0.103125 0.175000
0 0.827083 0.210938 0.056250 0.157292
0 0.869792 0.275521 0.039583 0.165625
0 0.771354 0.283854 0.086458 0.059375
0 0.744271 0.213542 0.040625 0.127083
0 0.641667 0.181771 0.083333 0.096875
0 0.613542 0.222396 0.154167 0.057292
0 0.519792 0.216146 0.066667 0.073958
0 0.539062 0.166667 0.117708 0.047917
0 0.454167 0.269271 0.050000 0.138542
0 0.416667 0.186458 0.056250 0.106250
0 0.406771 0.159375 0.063542 0.141667
0 0.410938 0.306250 0.051042 0.125000
0 0.341667 0.264583 0.079167 0.093750
0 0.320833 0.302083 0.054167 0.112500
0 0.197396 0.334896 0.101042 0.155208
0 0.153646 0.405729 0.088542 0.151042
0 0.059896 0.486979 0.080208 0.130208
0 0.071875 0.622917 0.064583 0.135417
0 0.145313 0.508333 0.082292 0.087500
0 0.180208 0.576042 0.100000 0.114583
0 0.129688 0.692187 0.092708 0.103125
0 0.147917 0.779167 0.104167 0.112500
0 0.228125 0.703125 0.077083 0.137500
0 0.282292 0.676042 0.064583 0.104167
0 0.319792 0.594792 0.058333 0.137500
0 0.373437 0.687500 0.063542 0.160417
0 0.413542 0.681250 0.043750 0.137500
0 0.435417 0.659896 0.072917 0.065625
0 0.474479 0.593750 0.117708 0.097917
0 0.509375 0.577604 0.093750 0.082292
0 0.497917 0.707292 0.068750 0.120833
0 0.589583 0.519792 0.066667 0.164583
0 0.502083 0.490104 0.120833 0.044792
0 0.478125 0.478125 0.089583 0.081250
0 0.461458 0.389583 0.104167 0.095833
0 0.546875 0.364583 0.147917 0.068750
0 0.561979 0.309896 0.103125 0.094792
0 0.628646 0.371875 0.057292 0.120833
0 0.733854 0.425000 0.151042 0.093750
0 0.714583 0.312500 0.068750 0.156250
0 0.945833 0.389583 0.100000 0.070833
0 0.826042 0.398438 0.104167 0.094792
0 0.830208 0.475521 0.085417 0.086458
0 0.761979 0.560417 0.073958 0.110417
0 0.672917 0.531771 0.070833 0.121875
0 0.664062 0.639062 0.161458 0.051042
0 0.676042 0.782292 0.089583 0.191667
0 0.747396 0.847917 0.067708 0.160417
0 0.770312 0.739062 0.098958 0.092708
0 0.839583 0.745833 0.066667 0.210417
0 0.875521 0.745833 0.053125 0.112500
0 0.942708 0.737500 0.102083 0.122917
0 0.893750 0.513542 0.060417 0.150000
0 0.928125 0.577083 0.058333 0.208333
0 0.978125 0.434375 0.043750 0.100000
0 0.982812 0.514062 0.034375 0.098958
0 0.930208 0.863542 0.081250 0.139583
0 0.873958 0.940625 0.125000 0.058333
0 0.878646 0.971354 0.090625 0.057292
0 0.544792 0.890104 0.062500 0.144792
0 0.534375 0.857812 0.152083 0.061458
0 0.306250 0.797917 0.089583 0.060417
0 0.034375 0.868750 0.052083 0.166667
0 0.087500 0.883854 0.077083 0.178125
0 0.340104 0.907292 0.096875 0.085417
0 0.311458 0.960417 0.141667 0.064583
0 0.426042 0.860938 0.114583 0.123958
0 0.446875 0.942187 0.116667 0.082292
0 0.308854 0.797917 0.111458 0.066667
0 0.215104 0.853646 0.069792 0.117708
0 0.147396 0.839583 0.061458 0.141667
0 0.647917 0.958854 0.054167 0.082292
0 0.723958 0.970833 0.066667 0.052083
0 0.575000 0.973437 0.089583 0.053125
0 0.034896 0.647917 0.067708 0.070833
0 0.025000 0.713021 0.047917 0.096875
0 0.143750 0.963021 0.087500 0.073958
0 0.296875 0.735938 0.091667 0.048958
0 0.397396 0.824479 0.063542 0.092708
0 0.334896 0.910417 0.092708 0.083333
0 0.810417 0.045312 0.062500 0.086458
0 0.244792 0.965625 0.104167 0.068750
0 0.349479 0.390104 0.080208 0.107292
0 0.265104 0.540625 0.084375 0.172917