0 0.430000 0.218333 0.086667 0.156667
0 0.550000 0.218333 0.166667 0.103333
0 0.300000 0.241667 0.160000 0.090000
0 0.240000 0.488333 0.106667 0.283333
0 0.105000 0.491667 0.116667 0.163333
0 0.045000 0.608333 0.083333 0.350000
0 0.258333 0.731667 0.156667 0.183333
0 0.170000 0.806667 0.106667 0.213333
0 0.091667 0.795000 0.090000 0.203333
0 0.353333 0.511667 0.160000 0.210000
0 0.290000 0.361667 0.080000 0.136667
0 0.356667 0.363333 0.086667 0.200000
0 0.546667 0.441667 0.200000 0.163333
0 0.490000 0.626667 0.080000 0.226667
0 0.625000 0.610000 0.083333 0.200000
0 0.455000 0.823333 0.130000 0.153333
0 0.300000 0.926667 0.173333 0.126667
0 0.671667 0.880000 0.210000 0.240000
0 0.805000 0.790000 0.143333 0.226667
0 0.891667 0.773333 0.070000 0.220000
0 0.950000 0.685000 0.100000 0.363333
0 0.693333 0.266667 0.100000 0.193333
0 0.800000 0.356667 0.133333 0.240000
0 0.826667 0.616667 0.140000 0.126667
0 0.666667 0.416667 0.133333 0.146667
0 0.590000 0.310000 0.186667 0.093333
0 0.123333 0.363333 0.153333 0.126667