0 0.206875 0.189375 0.121250 0.168750
0 0.494375 0.106875 0.198750 0.123750
0 0.783750 0.190000 0.165000 0.197500
0 0.118750 0.324375 0.152500 0.116250
0 0.254375 0.320625 0.101250 0.118750
0 0.701250 0.302500 0.150000 0.077500
0 0.193750 0.416875 0.252500 0.063750
0 0.214375 0.475000 0.211250 0.057500
0 0.102500 0.617500 0.097500 0.185000
0 0.340625 0.661875 0.151250 0.133750
0 0.160000 0.748125 0.107500 0.161250
0 0.417500 0.283125 0.177500 0.086250
0 0.525625 0.328750 0.048750 0.237500
0 0.606250 0.241250 0.195000 0.120000
0 0.873125 0.504375 0.098750 0.238750
0 0.828125 0.640625 0.098750 0.176250
0 0.628750 0.488125 0.177500 0.151250
0 0.528750 0.633750 0.210000 0.160000
0 0.525000 0.848125 0.190000 0.171250
0 0.663750 0.700625 0.140000 0.178750
0 0.735625 0.888125 0.206250 0.078750
0 0.485000 0.937500 0.207500 0.070000
0 0.925000 0.688750 0.092500 0.207500