0 0.428500 0.221000 0.145000 0.108000
0 0.599500 0.172500 0.137000 0.071000
0 0.649500 0.252000 0.087000 0.098000
0 0.328500 0.332500 0.101000 0.085000
0 0.375000 0.446000 0.114000 0.074000
0 0.222000 0.473000 0.124000 0.066000
0 0.230000 0.585000 0.086000 0.136000
0 0.335500 0.626000 0.137000 0.072000
0 0.467000 0.515500 0.114000 0.103000
0 0.533000 0.399500 0.108000 0.081000
0 0.558000 0.318000 0.130000 0.058000
0 0.717000 0.297500 0.050000 0.145000
0 0.774500 0.287500 0.081000 0.115000
0 0.661500 0.398500 0.089000 0.075000
0 0.641000 0.465500 0.096000 0.047000
0 0.619000 0.511000 0.110000 0.062000
0 0.596500 0.558500 0.081000 0.039000
0 0.586500 0.613500 0.105000 0.053000
0 0.544000 0.646500 0.092000 0.047000
0 0.421500 0.716500 0.131000 0.061000
0 0.570000 0.686000 0.112000 0.044000
0 0.645000 0.695500 0.066000 0.075000
0 0.680000 0.602000 0.102000 0.086000
0 0.776000 0.609500 0.088000 0.069000
0 0.833000 0.487500 0.074000 0.137000