0 0.491667 0.171875 0.100000 0.070724
0 0.445833 0.259046 0.037963 0.136513
0 0.545833 0.324836 0.056481 0.106908
0 0.612037 0.250822 0.070370 0.050987
0 0.619907 0.303454 0.073148 0.037829
0 0.171296 0.363487 0.035185 0.088816
0 0.199537 0.416118 0.036111 0.069079
0 0.240741 0.392270 0.055556 0.093750
0 0.225463 0.446546 0.041667 0.074013
0 0.225000 0.492599 0.053704 0.047697
0 0.301852 0.365132 0.035185 0.082237
0 0.343056 0.429276 0.028704 0.115132
0 0.324074 0.493421 0.062963 0.049342
0 0.427315 0.490954 0.076852 0.054276
0 0.395833 0.583059 0.091667 0.080592
0 0.314815 0.719572 0.055556 0.047697
0 0.344907 0.734375 0.058333 0.093750
0 0.542593 0.427632 0.064815 0.042763
0 0.520833 0.481086 0.095370 0.064145
0 0.625926 0.343750 0.027778 0.095395
0 0.648611 0.390625 0.039815 0.090461
0 0.750000 0.273849 0.057407 0.074013
0 0.786574 0.238487 0.054630 0.069079
0 0.672685 0.471217 0.047222 0.047697
0 0.625463 0.587171 0.073148 0.082237
0 0.632870 0.640625 0.041667 0.054276
0 0.620370 0.718750 0.046296 0.115132
0 0.502778 0.727796 0.081481 0.083882
0 0.773148 0.610197 0.040741 0.128289
0 0.750926 0.683388 0.044444 0.133224
0 0.827778 0.675164 0.038889 0.110197
0 0.811111 0.724507 0.066667 0.064145
0 0.900926 0.544408 0.059259 0.115132
0 0.837037 0.364309 0.040741 0.080592
0 0.951852 0.450658 0.068519 0.108553