0 0.535547 0.195221 0.078906 0.047786
0 0.451172 0.316434 0.066406 0.050117
0 0.517578 0.331585 0.028906 0.080420
0 0.627344 0.322844 0.045312 0.065268
0 0.567578 0.352564 0.044531 0.040793
0 0.504687 0.437646 0.045312 0.040793
0 0.433203 0.423077 0.072656 0.041958
0 0.417969 0.555361 0.067187 0.033800
0 0.418750 0.590326 0.067187 0.036131
0 0.334375 0.693473 0.059375 0.053613
0 0.410547 0.688811 0.032031 0.095571
0 0.305859 0.838578 0.050781 0.078089
0 0.449219 0.835082 0.039062 0.108392
0 0.430078 0.977855 0.064844 0.044289
0 0.512891 0.729604 0.044531 0.076923
0 0.569531 0.609557 0.070312 0.044289
0 0.517578 0.542541 0.041406 0.064103
0 0.562109 0.438228 0.024219 0.102564
0 0.700000 0.321096 0.042188 0.068765
0 0.728125 0.369464 0.031250 0.055944
0 0.714063 0.456294 0.026562 0.040793
0 0.730859 0.416667 0.071094 0.038462
0 0.634375 0.503497 0.025000 0.034965
0 0.692969 0.596737 0.043750 0.079254
0 0.748437 0.574009 0.023438 0.115385
0 0.769922 0.547203 0.024219 0.089744
0 0.762109 0.696970 0.032031 0.086247
0 0.606641 0.564685 0.030469 0.080420
0 0.657031 0.694639 0.051562 0.034965
0 0.642969 0.751748 0.032813 0.074592
0 0.654297 0.819930 0.021094 0.082751
0 0.597266 0.734266 0.021094 0.088578
0 0.559766 0.695804 0.028906 0.081585
0 0.523438 0.655012 0.043750 0.088578
0 0.788672 0.541958 0.027344 0.072261
0 0.625000 0.451049 0.032813 0.051282