0 0.386250 0.242500 0.107500 0.125000
0 0.286250 0.378125 0.075000 0.181250
0 0.353750 0.382500 0.080000 0.112500
0 0.299375 0.549375 0.176250 0.076250
0 0.395625 0.580000 0.083750 0.167500
0 0.390625 0.683125 0.076250 0.201250
0 0.601250 0.255000 0.102500 0.067500
0 0.537500 0.364375 0.135000 0.088750
0 0.440000 0.283125 0.087500 0.058750
0 0.584375 0.315625 0.106250 0.076250
0 0.643125 0.423750 0.056250 0.155000
0 0.672500 0.468750 0.050000 0.097500
0 0.758750 0.369375 0.060000 0.123750
0 0.693125 0.654375 0.053750 0.156250
0 0.604375 0.764375 0.096250 0.143750
0 0.492500 0.674375 0.127500 0.071250
0 0.453125 0.779375 0.146250 0.071250
0 0.528125 0.445625 0.056250 0.101250
0 0.493125 0.529375 0.061250 0.138750
0 0.686250 0.356250 0.065000 0.150000