0 0.467500 0.167500 0.112500 0.107500
0 0.452500 0.270625 0.165000 0.081250
0 0.296875 0.381250 0.163750 0.117500
0 0.091250 0.420000 0.070000 0.077500
0 0.116250 0.446250 0.070000 0.065000
0 0.308750 0.458125 0.115000 0.073750
0 0.428125 0.456250 0.043750 0.097500
0 0.408125 0.461250 0.066250 0.077500
0 0.323750 0.568125 0.120000 0.051250
0 0.214375 0.543125 0.096250 0.068750
0 0.130625 0.580000 0.133750 0.065000
0 0.210625 0.644375 0.148750 0.058750
0 0.578750 0.665625 0.140000 0.061250
0 0.276875 0.733750 0.088750 0.080000
0 0.333125 0.728750 0.078750 0.050000
0 0.371875 0.743750 0.068750 0.097500
0 0.391875 0.791875 0.078750 0.041250
0 0.456875 0.775000 0.051250 0.085000
0 0.482500 0.728125 0.097500 0.056250
0 0.633750 0.783125 0.152500 0.056250
0 0.529375 0.799375 0.046250 0.073750
0 0.601250 0.186875 0.095000 0.088750
0 0.621875 0.269375 0.138750 0.073750
0 0.771250 0.174375 0.077500 0.108750
0 0.744375 0.236250 0.088750 0.092500
0 0.801250 0.290000 0.060000 0.120000
0 0.728750 0.327500 0.065000 0.122500
0 0.731875 0.445625 0.083750 0.103750
0 0.838750 0.398125 0.052500 0.153750
0 0.871250 0.326250 0.065000 0.140000
0 0.830625 0.276250 0.061250 0.115000
0 0.881250 0.591875 0.062500 0.121250