0 0.367333 0.157333 0.057333 0.186667
0 0.582667 0.032000 0.112000 0.056000
0 0.705333 0.090667 0.104000 0.157333
0 0.784667 0.159333 0.049333 0.166667
0 0.602667 0.122000 0.066667 0.121333
0 0.440667 0.171333 0.129333 0.169333
0 0.512000 0.191333 0.109333 0.142667
0 0.437333 0.289333 0.138667 0.093333
0 0.783333 0.304667 0.102667 0.137333
0 0.690000 0.268000 0.092000 0.106667
0 0.683333 0.424667 0.062667 0.198667
0 0.783333 0.443333 0.057333 0.118667
0 0.708000 0.476000 0.090667 0.082667
0 0.602667 0.307333 0.090667 0.140000
0 0.599333 0.340000 0.078667 0.261333
0 0.512000 0.316000 0.096000 0.112000
0 0.429333 0.350000 0.104000 0.065333
0 0.380667 0.372000 0.126667 0.120000
0 0.334000 0.584667 0.062667 0.313333
0 0.384667 0.526000 0.049333 0.254667
0 0.435333 0.526667 0.060000 0.205333
0 0.424000 0.678667 0.072000 0.168000
0 0.497333 0.704000 0.090667 0.157333
0 0.468667 0.780000 0.105333 0.117333
0 0.508667 0.850000 0.084000 0.113333
0 0.500000 0.919333 0.136000 0.148000
0 0.543333 0.525333 0.068000 0.208000
0 0.492000 0.471333 0.101333 0.156000
0 0.624667 0.584000 0.132000 0.098667
0 0.747333 0.719333 0.057333 0.105333
0 0.684000 0.700667 0.133333 0.105333
0 0.756667 0.811333 0.049333 0.089333
0 0.642000 0.760000 0.110667 0.104000
0 0.578667 0.748000 0.064000 0.165333
0 0.692667 0.866667 0.057333 0.138667
0 0.644667 0.926000 0.052000 0.148000
0 0.722000 0.347333 0.073333 0.116000