0 0.433333 0.336979 0.064815 0.030208
0 0.312037 0.397135 0.062963 0.042188
0 0.102315 0.418490 0.052778 0.028646
0 0.260185 0.395052 0.053704 0.026562
0 0.141667 0.449479 0.029630 0.039583
0 0.163889 0.439844 0.033333 0.043229
0 0.313426 0.480469 0.049074 0.042188
0 0.347685 0.466927 0.054630 0.026562
0 0.493519 0.381250 0.055556 0.034375
0 0.570370 0.415104 0.055556 0.029167
0 0.685648 0.430729 0.049074 0.035417
0 0.671759 0.455469 0.049074 0.023438
0 0.821759 0.453385 0.080556 0.025521
0 0.799537 0.419531 0.076852 0.044271
0 0.405556 0.409115 0.057407 0.023438
0 0.421759 0.441406 0.045370 0.024479
0 0.490278 0.446615 0.049074 0.016146
0 0.501389 0.471615 0.039815 0.030729
0 0.564352 0.437760 0.067593 0.019271
0 0.738889 0.489323 0.061111 0.030729
0 0.647222 0.482031 0.048148 0.025521
0 0.634259 0.504167 0.040741 0.028125
0 0.706019 0.521615 0.047222 0.024479
0 0.658796 0.533854 0.043519 0.017708
0 0.676852 0.548438 0.027778 0.020833
0 0.646296 0.553906 0.050000 0.025521
0 0.683796 0.570052 0.045370 0.022396
0 0.702315 0.586719 0.058333 0.022396
0 0.282870 0.535156 0.086111 0.021354
0 0.170370 0.563802 0.090741 0.027604
0 0.108796 0.563021 0.041667 0.038542
0 0.118056 0.590885 0.041667 0.025521
0 0.225926 0.581250 0.066667 0.031250
0 0.290278 0.557292 0.047222 0.018750
0 0.327315 0.549740 0.041667 0.019271
0 0.350926 0.556250 0.040741 0.040625
0 0.417593 0.532031 0.040741 0.045312
0 0.468056 0.519792 0.047222 0.018750
0 0.535648 0.522135 0.049074 0.025521
0 0.576389 0.529687 0.047222 0.034375
0 0.452778 0.549740 0.029630 0.027604
0 0.469907 0.559115 0.036111 0.026562
0 0.502315 0.546354 0.045370 0.018750
0 0.519907 0.554167 0.049074 0.012500
0 0.511111 0.573438 0.027778 0.023958
0 0.525000 0.584635 0.020370 0.028646
0 0.539815 0.577865 0.025926 0.028646
0 0.565741 0.568490 0.037037 0.027604
0 0.594907 0.584896 0.037963 0.034375
0 0.289352 0.590625 0.041667 0.022917
0 0.330093 0.596875 0.032407 0.029167
0 0.366667 0.600521 0.025926 0.018750
0 0.398148 0.595052 0.033333 0.031771
0 0.441204 0.578646 0.041667 0.018750
0 0.486111 0.591667 0.059259 0.020833
0 0.505093 0.613542 0.047222 0.019792
0 0.553704 0.602344 0.029630 0.022396
0 0.031019 0.575260 0.043519 0.047396
0 0.039352 0.646615 0.069444 0.042188
0 0.021759 0.700260 0.041667 0.027604
0 0.154630 0.638542 0.042593 0.032292
0 0.126389 0.662760 0.052778 0.029687
0 0.203241 0.631771 0.041667 0.034375
0 0.236574 0.626823 0.028704 0.040104
0 0.256944 0.649479 0.054630 0.028125
0 0.406019 0.648177 0.045370 0.027604
0 0.348611 0.671094 0.045370 0.030729
0 0.318981 0.665885 0.049074 0.023438
0 0.218981 0.719792 0.049074 0.039583
0 0.293056 0.686458 0.043519 0.023958
0 0.238426 0.681510 0.045370 0.029687
0 0.248611 0.750781 0.049074 0.026562
0 0.342130 0.753125 0.050926 0.031250
0 0.427778 0.688021 0.061111 0.036458
0 0.361574 0.698698 0.047222 0.018229
0 0.405093 0.724740 0.050926 0.025521
0 0.465278 0.765625 0.041667 0.034375
0 0.355556 0.725521 0.042593 0.017708
0 0.540741 0.674219 0.038889 0.030729
0 0.569444 0.661979 0.046296 0.031250
0 0.615741 0.667708 0.048148 0.039583
0 0.602778 0.629948 0.057407 0.022396
0 0.745833 0.632812 0.086111 0.030208
0 0.650463 0.632552 0.045370 0.025521
0 0.676389 0.648958 0.043519 0.031250
0 0.795833 0.660677 0.056481 0.041146
0 0.874074 0.603385 0.035185 0.042188
0 0.925000 0.593490 0.027778 0.038021
0 0.968981 0.581771 0.041667 0.034375
0 0.965278 0.608854 0.041667 0.033333
0 0.985185 0.597135 0.029630 0.023438
0 0.668056 0.678385 0.045370 0.027604
0 0.642593 0.707031 0.033333 0.029687
0 0.689352 0.705990 0.037963 0.023438
0 0.331019 0.781250 0.097222 0.025000
0 0.367593 0.830208 0.079630 0.018750
0 0.406481 0.808073 0.083333 0.043229
0 0.476389 0.833854 0.076852 0.031250
0 0.550926 0.770573 0.062963 0.046354
0 0.619907 0.761458 0.047222 0.032292
0 0.655093 0.740104 0.039815 0.032292
0 0.697222 0.762500 0.064815 0.032292
0 0.704630 0.801823 0.055556 0.050521
0 0.766204 0.778125 0.069444 0.034375
0 0.927315 0.730729 0.106481 0.037500
0 0.869444 0.752604 0.090741 0.032292
0 0.851852 0.776823 0.087037 0.027604
0 0.271759 0.357292 0.052778 0.031250
0 0.176389 0.680990 0.043519 0.035937
0 0.176389 0.661198 0.036111 0.022396
0 0.480093 0.699740 0.050926 0.044271