0 0.022817 0.080357 0.041667 0.081349
0 0.065476 0.088294 0.067460 0.041667
0 0.172619 0.023810 0.083333 0.035714
0 0.216270 0.067460 0.047619 0.063492
0 0.266865 0.026786 0.085317 0.029762
0 0.332341 0.027778 0.065476 0.043651
0 0.443452 0.020833 0.081349 0.033730
0 0.354167 0.054563 0.073413 0.029762
0 0.288690 0.096230 0.049603 0.069444
0 0.223214 0.109127 0.101190 0.031746
0 0.123016 0.117063 0.075397 0.059524
0 0.022817 0.170635 0.041667 0.067460
0 0.054563 0.157738 0.049603 0.061508
0 0.014881 0.250992 0.025794 0.093254
0 0.059524 0.250000 0.071429 0.051587
0 0.120040 0.169643 0.033730 0.037698
0 0.138889 0.181548 0.055556 0.077381
0 0.231151 0.193452 0.065476 0.053571
0 0.656746 0.026786 0.111111 0.045635
0 0.481151 0.082341 0.057540 0.037698
0 0.414683 0.108135 0.059524 0.037698
0 0.409722 0.144841 0.093254 0.055556
0 0.486111 0.115079 0.079365 0.031746
0 0.282738 0.182540 0.045635 0.055556
0 0.338294 0.169643 0.065476 0.057540
0 0.331349 0.125000 0.063492 0.031746
0 0.613095 0.124008 0.087302 0.045635
0 0.513889 0.145833 0.083333 0.041667
0 0.490079 0.187500 0.103175 0.041667
0 0.345238 0.221230 0.071429 0.045635
0 0.213294 0.275794 0.089286 0.043651
0 0.228175 0.239087 0.071429 0.049603
0 0.111111 0.262897 0.063492 0.057540
0 0.050595 0.376984 0.049603 0.123016
0 0.080357 0.352183 0.045635 0.061508
0 0.122024 0.329365 0.057540 0.091270
0 0.807540 0.020833 0.047619 0.029762
0 0.932540 0.034722 0.071429 0.045635
0 0.809524 0.061508 0.055556 0.051587
0 0.868056 0.068452 0.057540 0.065476
0 0.949405 0.085317 0.045635 0.051587
0 0.944444 0.134921 0.043651 0.059524
0 0.908730 0.143849 0.051587 0.065476
0 0.857143 0.130952 0.043651 0.055556
0 0.814484 0.101190 0.065476 0.055556
0 0.766865 0.125992 0.069444 0.069444
0 0.717262 0.166667 0.073413 0.035714
0 0.655754 0.193452 0.065476 0.077381
0 0.732143 0.210317 0.063492 0.075397
0 0.862103 0.229167 0.065476 0.089286
0 0.953373 0.301587 0.041667 0.083333
0 0.716270 0.280754 0.055556 0.049603
0 0.781746 0.279762 0.055556 0.067460
0 0.840278 0.305556 0.041667 0.039683
0 0.845238 0.383929 0.039683 0.073413
0 0.884921 0.376984 0.051587 0.087302
0 0.948413 0.375000 0.039683 0.055556
0 0.966270 0.447421 0.063492 0.093254
0 0.919643 0.461310 0.045635 0.081349
0 0.928571 0.528770 0.035714 0.065476
0 0.957341 0.585317 0.057540 0.075397
0 0.894841 0.590278 0.047619 0.089286
0 0.842262 0.448413 0.053571 0.087302
0 0.702381 0.342262 0.051587 0.081349
0 0.749008 0.394841 0.045635 0.095238
0 0.770833 0.474206 0.053571 0.091270
0 0.661706 0.452381 0.045635 0.087302
0 0.708333 0.468254 0.039683 0.095238
0 0.420635 0.245040 0.071429 0.033730
0 0.480159 0.259921 0.083333 0.039683
0 0.563492 0.232143 0.083333 0.055556
0 0.561508 0.304563 0.119048 0.049603
0 0.292659 0.339286 0.077381 0.079365
0 0.411706 0.361111 0.073413 0.047619
0 0.373016 0.352183 0.055556 0.053571
0 0.430556 0.308532 0.103175 0.049603
0 0.037698 0.500000 0.047619 0.095238
0 0.122024 0.452381 0.045635 0.119048
0 0.174603 0.428571 0.059524 0.099206
0 0.082341 0.499008 0.053571 0.077381
0 0.029762 0.583333 0.047619 0.075397
0 0.077381 0.582341 0.043651 0.101190
0 0.179563 0.538690 0.061508 0.085317
0 0.347222 0.423611 0.051587 0.065476
0 0.421627 0.423611 0.061508 0.057540
0 0.487103 0.360119 0.081349 0.041667
0 0.613095 0.352183 0.067460 0.045635
0 0.574405 0.365079 0.053571 0.063492
0 0.550595 0.390873 0.045635 0.071429
0 0.500000 0.413690 0.059524 0.033730
0 0.390873 0.503968 0.059524 0.091270
0 0.250000 0.473214 0.027778 0.081349
0 0.279762 0.487103 0.035714 0.113095
0 0.303571 0.479167 0.035714 0.081349
0 0.597222 0.495040 0.091270 0.045635
0 0.596230 0.468254 0.033730 0.039683
0 0.452381 0.472222 0.059524 0.039683
0 0.463294 0.506944 0.025794 0.033730
0 0.520833 0.523810 0.057540 0.059524
0 0.492063 0.554563 0.055556 0.049603
0 0.355159 0.570437 0.039683 0.061508
0 0.397817 0.565476 0.045635 0.043651
0 0.380952 0.612103 0.039683 0.037698
0 0.293651 0.594246 0.043651 0.073413
0 0.229167 0.598214 0.049603 0.089286
0 0.183532 0.613095 0.049603 0.075397
0 0.071429 0.687500 0.047619 0.113095
0 0.024802 0.722222 0.037698 0.103175
0 0.231151 0.709325 0.053571 0.097222
0 0.151786 0.709325 0.041667 0.117063
0 0.115079 0.771825 0.095238 0.051587
0 0.309524 0.660714 0.051587 0.059524
0 0.068452 0.846230 0.049603 0.085317
0 0.037698 0.899802 0.059524 0.069444
0 0.025794 0.945437 0.047619 0.065476
0 0.431548 0.717262 0.077381 0.065476
0 0.362103 0.693452 0.045635 0.061508
0 0.368056 0.650794 0.061508 0.059524
0 0.439484 0.646825 0.073413 0.071429
0 0.544643 0.587302 0.085317 0.047619
0 0.620040 0.567460 0.045635 0.055556
0 0.686508 0.574405 0.067460 0.049603
0 0.822421 0.562500 0.045635 0.132937
0 0.749008 0.585317 0.033730 0.095238
0 0.763889 0.640873 0.031746 0.111111
0 0.839286 0.671627 0.043651 0.069444
0 0.934524 0.720238 0.055556 0.079365
0 0.543651 0.761905 0.095238 0.047619
0 0.514881 0.664683 0.061508 0.047619
0 0.564484 0.705357 0.089286 0.037698
0 0.668651 0.710317 0.087302 0.043651
0 0.581349 0.668651 0.059524 0.035714
0 0.639881 0.653770 0.057540 0.081349
0 0.712302 0.736111 0.063492 0.031746
0 0.744048 0.745040 0.063492 0.049603
0 0.772817 0.778770 0.065476 0.081349
0 0.851190 0.767857 0.087302 0.083333
0 0.143849 0.864087 0.073413 0.053571
0 0.170635 0.825397 0.055556 0.051587
0 0.231151 0.891865 0.077381 0.061508
0 0.147817 0.956349 0.057540 0.083333
0 0.280754 0.962302 0.069444 0.063492
0 0.210317 0.953373 0.079365 0.049603
0 0.300595 0.864087 0.081349 0.081349
0 0.400794 0.858135 0.079365 0.045635
0 0.401786 0.893849 0.069444 0.045635
0 0.360119 0.924603 0.061508 0.047619
0 0.444444 0.946429 0.071429 0.047619
0 0.516865 0.910714 0.069444 0.051587
0 0.587302 0.935516 0.079365 0.045635
0 0.634921 0.863095 0.099206 0.071429
0 0.639881 0.804563 0.081349 0.049603
0 0.680556 0.816468 0.039683 0.045635
0 0.744048 0.867063 0.075397 0.079365
0 0.848214 0.879960 0.077381 0.053571
0 0.767857 0.935516 0.079365 0.085317
0 0.903770 0.935516 0.097222 0.041667
0 0.839286 0.959325 0.091270 0.053571
0 0.966270 0.894841 0.047619 0.087302
0 0.957341 0.866071 0.065476 0.077381
0 0.968254 0.977183 0.063492 0.041667
0 0.415675 0.981151 0.089286 0.037698
0 0.211310 0.982143 0.061508 0.035714
0 0.404762 0.797619 0.067460 0.051587
0 0.454365 0.788690 0.067460 0.053571
0 0.306548 0.782738 0.057540 0.057540
0 0.322421 0.753968 0.073413 0.059524
0 0.200397 0.725198 0.035714 0.109127
0 0.980159 0.705357 0.039683 0.077381
0 0.260913 0.300595 0.093254 0.073413