0 0.480000 0.295714 0.091429 0.134286
0 0.371429 0.322857 0.068571 0.108571
0 0.335714 0.360000 0.065714 0.108571
0 0.284286 0.424286 0.071429 0.128571
0 0.301429 0.442857 0.111429 0.062857
0 0.421429 0.465714 0.100000 0.114286
0 0.538571 0.355714 0.145714 0.071429
0 0.590000 0.381429 0.054286 0.117143
0 0.605714 0.460000 0.068571 0.137143
0 0.665714 0.385714 0.057143 0.188571
0 0.717143 0.370000 0.068571 0.180000
0 0.712857 0.478571 0.128571 0.060000
0 0.731429 0.544286 0.085714 0.082857
0 0.705714 0.610000 0.068571 0.111429
0 0.674286 0.644286 0.051429 0.122857
0 0.551429 0.700000 0.045714 0.160000
0 0.615714 0.701429 0.088571 0.117143
0 0.500000 0.768571 0.131429 0.080000
0 0.487143 0.654286 0.060000 0.125714
0 0.432857 0.662857 0.071429 0.182857
0 0.401429 0.684286 0.060000 0.122857
0 0.361429 0.661429 0.054286 0.094286
0 0.330000 0.584286 0.071429 0.145714