0 0.543750 0.054167 0.171875 0.095000
0 0.208594 0.477500 0.139063 0.241667
0 0.309375 0.532500 0.125000 0.188333
0 0.435937 0.660833 0.162500 0.188333
0 0.362500 0.299167 0.128125 0.278333
0 0.482031 0.297500 0.101562 0.231667
0 0.530469 0.410833 0.092188 0.235000
0 0.667188 0.225833 0.100000 0.221667
0 0.678906 0.344167 0.076563 0.191667
0 0.814844 0.231667 0.148438 0.200000
0 0.824219 0.685833 0.139063 0.235000
0 0.525000 0.856667 0.118750 0.190000
0 0.707812 0.849167 0.187500 0.168333
0 0.267969 0.855000 0.164062 0.170000
0 0.392969 0.864167 0.142187 0.178333