0 0.525333 0.181333 0.120000 0.122667
0 0.232667 0.322667 0.164000 0.058667
0 0.245333 0.402000 0.136000 0.062667
0 0.534667 0.340667 0.072000 0.161333
0 0.622667 0.267333 0.080000 0.148000
0 0.362000 0.406667 0.100000 0.061333
0 0.786000 0.344000 0.084000 0.117333
0 0.752000 0.464667 0.074667 0.174667
0 0.545333 0.506667 0.128000 0.093333
0 0.176000 0.543333 0.093333 0.116000
0 0.207333 0.666000 0.092000 0.129333
0 0.318000 0.719333 0.124000 0.052000
0 0.402000 0.721333 0.068000 0.106667
0 0.356000 0.765333 0.069333 0.109333
0 0.618000 0.663333 0.070667 0.174667
0 0.708667 0.684667 0.129333 0.089333