0 0.222000 0.339000 0.176000 0.094000
0 0.197000 0.429000 0.118000 0.066000
0 0.277000 0.537000 0.242000 0.098000
0 0.235000 0.680000 0.122000 0.168000
0 0.331000 0.730000 0.090000 0.152000
0 0.384000 0.657000 0.120000 0.174000
0 0.540000 0.132000 0.088000 0.052000
0 0.819000 0.353000 0.082000 0.130000
0 0.562000 0.554000 0.088000 0.120000
0 0.687000 0.473000 0.146000 0.198000
0 0.639000 0.650000 0.198000 0.108000
0 0.836000 0.585000 0.084000 0.218000
0 0.605000 0.736000 0.190000 0.096000
0 0.627000 0.795000 0.178000 0.062000
0 0.602000 0.842000 0.200000 0.072000
0 0.534000 0.331000 0.112000 0.118000
0 0.624000 0.293000 0.052000 0.042000