0 0.645000 0.217000 0.150000 0.074000
0 0.560000 0.201000 0.052000 0.178000
0 0.481000 0.156000 0.134000 0.072000
0 0.480000 0.247000 0.084000 0.110000
0 0.432000 0.263000 0.052000 0.106000
0 0.378000 0.199000 0.100000 0.050000
0 0.293000 0.204000 0.066000 0.048000
0 0.366000 0.254000 0.072000 0.064000
0 0.311000 0.244000 0.078000 0.072000
0 0.298000 0.289000 0.080000 0.094000
0 0.247000 0.260000 0.054000 0.096000
0 0.202000 0.360000 0.084000 0.116000
0 0.327000 0.382000 0.182000 0.072000
0 0.277000 0.442000 0.158000 0.080000
0 0.198000 0.484000 0.184000 0.072000
0 0.200000 0.551000 0.100000 0.114000
0 0.178000 0.627000 0.132000 0.130000
0 0.425000 0.564000 0.082000 0.096000
0 0.400000 0.659000 0.080000 0.190000
0 0.278000 0.741000 0.160000 0.066000
0 0.341000 0.783000 0.194000 0.058000
0 0.478000 0.699000 0.072000 0.186000
0 0.534000 0.620000 0.084000 0.120000
0 0.726000 0.336000 0.092000 0.092000
0 0.690000 0.364000 0.076000 0.088000
0 0.638000 0.402000 0.084000 0.080000
0 0.765000 0.466000 0.086000 0.072000
0 0.745000 0.396000 0.070000 0.076000
0 0.751000 0.492000 0.078000 0.052000
0 0.759000 0.532000 0.070000 0.052000
0 0.692000 0.539000 0.072000 0.082000
0 0.844000 0.442000 0.076000 0.108000
0 0.817000 0.535000 0.050000 0.066000
0 0.854000 0.559000 0.080000 0.054000
0 0.853000 0.615000 0.078000 0.078000
0 0.727000 0.571000 0.074000 0.070000
0 0.601000 0.677000 0.050000 0.082000
0 0.651000 0.605000 0.058000 0.122000
0 0.604000 0.558000 0.088000 0.124000
0 0.623000 0.732000 0.082000 0.092000
0 0.521000 0.839000 0.098000 0.102000
0 0.606000 0.833000 0.108000 0.094000
0 0.689000 0.767000 0.078000 0.122000
0 0.784000 0.692000 0.056000 0.092000