0 0.017857 0.123288 0.033784 0.047945
0 0.016892 0.266267 0.031853 0.053082
0 0.026062 0.303938 0.038610 0.046233
0 0.080598 0.298801 0.026062 0.042808
0 0.099903 0.331336 0.033784 0.035959
0 0.030888 0.498288 0.028958 0.044521
0 0.163127 0.238870 0.023166 0.039384
0 0.224903 0.064212 0.042471 0.094178
0 0.096525 0.049658 0.117761 0.071918
0 0.025579 0.172089 0.049228 0.104452
0 0.148166 0.325342 0.035714 0.085616
0 0.106660 0.427226 0.026062 0.083904
0 0.135618 0.408390 0.043436 0.077055
0 0.062259 0.450342 0.078185 0.106164
0 0.025579 0.562500 0.047297 0.083904
0 0.064672 0.519692 0.030888 0.073630
0 0.046332 0.657534 0.030888 0.054795
0 0.034266 0.690068 0.039575 0.044521
0 0.041988 0.691781 0.082046 0.263699
0 0.033301 0.916952 0.041506 0.056507
0 0.099421 0.728596 0.042471 0.046233
0 0.109073 0.809932 0.030888 0.071918
0 0.086873 0.846747 0.044402 0.056507
0 0.142857 0.761986 0.048263 0.065068
0 0.145753 0.713185 0.054054 0.073630
0 0.145270 0.666952 0.056950 0.032534
0 0.169402 0.622432 0.051158 0.042808
0 0.160714 0.594178 0.062741 0.023973
0 0.136100 0.607877 0.042471 0.065068
0 0.142857 0.560788 0.063707 0.039384
0 0.109073 0.547945 0.021236 0.034247
0 0.132239 0.515411 0.063707 0.030822
0 0.130792 0.479452 0.060811 0.047945
0 0.243726 0.208048 0.051158 0.059932
0 0.229730 0.269692 0.040541 0.042808
0 0.223938 0.341610 0.036680 0.046233
0 0.197394 0.329623 0.035714 0.059932
0 0.206081 0.403253 0.064672 0.042808
0 0.226351 0.432363 0.055019 0.035959
0 0.219595 0.432363 0.157336 0.203767
0 0.321911 0.318493 0.051158 0.085616
0 0.300676 0.263699 0.035714 0.041096
0 0.361969 0.250856 0.059846 0.056507
0 0.383205 0.188356 0.028958 0.071918
0 0.382239 0.142979 0.036680 0.059932
0 0.398649 0.105308 0.027027 0.059932
0 0.420367 0.051370 0.026062 0.047945
0 0.436293 0.095890 0.019305 0.058219
0 0.411680 0.141267 0.035714 0.042808
0 0.441602 0.243151 0.045367 0.075342
0 0.440637 0.302226 0.039575 0.056507
0 0.387548 0.287671 0.031853 0.065068
0 0.404440 0.339041 0.027027 0.095890
0 0.371139 0.370719 0.026062 0.094178
0 0.335425 0.410959 0.076255 0.075342
0 0.403475 0.402397 0.027027 0.058219
0 0.424228 0.401541 0.033784 0.070205
0 0.379344 0.503425 0.117761 0.058219
0 0.237934 0.559932 0.064672 0.065068
0 0.300193 0.538527 0.044402 0.056507
0 0.328668 0.588185 0.037645 0.077055
0 0.283301 0.482877 0.047297 0.044521
0 0.331564 0.414384 0.062741 0.071918
0 0.332046 0.464041 0.088803 0.054795
0 0.275579 0.625856 0.027992 0.080479
0 0.309363 0.637842 0.045367 0.049658
0 0.351834 0.700342 0.024131 0.092466
0 0.270753 0.696918 0.045367 0.054795
0 0.247104 0.739726 0.055985 0.054795
0 0.228764 0.667808 0.057915 0.113014
0 0.214768 0.763699 0.047297 0.065068
0 0.236969 0.817637 0.060811 0.073630
0 0.245656 0.847603 0.124517 0.109589
0 0.162162 0.943493 0.034749 0.095890
0 0.245174 0.916096 0.057915 0.071918
0 0.289575 0.915240 0.025097 0.053082
0 0.325772 0.917808 0.047297 0.130137
0 0.388996 0.863870 0.027027 0.080479
0 0.383205 0.934932 0.036680 0.068493
0 0.414093 0.966610 0.065637 0.046233
0 0.499517 0.926370 0.091699 0.123288
0 0.583977 0.940925 0.096525 0.090753
0 0.499517 0.304795 0.035714 0.136986
0 0.532336 0.250000 0.035714 0.068493
0 0.573842 0.400685 0.105212 0.219178
0 0.633205 0.329623 0.038610 0.059932
0 0.615830 0.409247 0.061776 0.075342
0 0.661680 0.418664 0.035714 0.114726
0 0.643822 0.473459 0.115830 0.066781
0 0.525579 0.514555 0.099421 0.077055
0 0.442568 0.538527 0.076255 0.042808
0 0.369691 0.609589 0.042471 0.119863
0 0.416988 0.599315 0.021236 0.099315
0 0.480695 0.603596 0.081081 0.101027
0 0.418436 0.644692 0.076255 0.053082
0 0.401544 0.670377 0.075290 0.042808
0 0.431467 0.723459 0.061776 0.049658
0 0.402510 0.747432 0.054054 0.042808
0 0.403958 0.781678 0.064672 0.049658
0 0.570463 0.732021 0.034749 0.059932
0 0.534749 0.690925 0.079151 0.042808
0 0.486004 0.674658 0.051158 0.044521
0 0.563224 0.627568 0.049228 0.094178
0 0.552124 0.621575 0.106178 0.065068
0 0.626448 0.619863 0.071429 0.085616
0 0.747104 0.663527 0.173745 0.148973
0 0.819015 0.431507 0.037645 0.078767
0 0.839768 0.476027 0.036680 0.047945
0 0.842664 0.525685 0.065637 0.065068
0 0.761100 0.514555 0.051158 0.046233
0 0.870174 0.685788 0.041506 0.035959
0 0.833977 0.764555 0.059846 0.056507
0 0.721042 0.857021 0.138996 0.155822
0 0.548745 0.802226 0.027992 0.121575
0 0.570463 0.807363 0.054054 0.080479
0 0.598456 0.808219 0.071429 0.102740
0 0.936776 0.925514 0.116795 0.125000
0 0.953668 0.661815 0.055985 0.128425
0 0.088320 0.735445 0.043436 0.118151
0 0.418919 0.453767 0.100386 0.058219
0 0.468147 0.378425 0.030888 0.078767
0 0.495656 0.386986 0.055019 0.102740
0 0.592181 0.304795 0.078185 0.133562
0 0.317085 0.684932 0.056950 0.051370
0 0.102317 0.733733 0.046332 0.042808
0 0.157819 0.791096 0.060811 0.164384