0 0.209000 0.242798 0.190000 0.106996
0 0.049000 0.505144 0.094000 0.314815
0 0.148000 0.410494 0.108000 0.261317
0 0.573000 0.170782 0.266000 0.144033
0 0.774000 0.155350 0.164000 0.162551
0 0.917000 0.245885 0.122000 0.228395
0 0.572000 0.330247 0.176000 0.104938
0 0.661000 0.404321 0.118000 0.216049
0 0.222000 0.698560 0.136000 0.281893
0 0.386000 0.625514 0.116000 0.349794
0 0.607000 0.692387 0.246000 0.162551
0 0.300000 0.861111 0.276000 0.117284
0 0.610000 0.846708 0.220000 0.170782
0 0.823000 0.872428 0.298000 0.139918