0 0.390234 0.182812 0.094531 0.067708
0 0.212109 0.390104 0.060156 0.103125
0 0.119922 0.380208 0.113281 0.050000
0 0.279297 0.470313 0.078906 0.088542
0 0.583203 0.264583 0.080469 0.091667
0 0.834766 0.204167 0.064844 0.043750
0 0.938281 0.181250 0.045312 0.058333
0 0.905469 0.360938 0.035937 0.040625
0 0.872656 0.354687 0.039062 0.080208
0 0.848437 0.254688 0.071875 0.036458
0 0.861328 0.292708 0.058594 0.050000
0 0.441406 0.367708 0.065625 0.100000
0 0.490625 0.383333 0.053125 0.043750
0 0.602344 0.452604 0.057813 0.080208
0 0.378516 0.472917 0.066406 0.050000
0 0.352734 0.595313 0.083594 0.078125
0 0.205859 0.737500 0.097656 0.106250
0 0.202734 0.869792 0.088281 0.083333
0 0.328906 0.845833 0.073438 0.120833
0 0.405859 0.801042 0.047656 0.114583
0 0.453516 0.676562 0.092969 0.059375
0 0.514844 0.613021 0.075000 0.082292
0 0.611719 0.543750 0.079687 0.064583
0 0.491016 0.736458 0.074219 0.054167
0 0.632422 0.752604 0.097656 0.048958
0 0.588672 0.786458 0.055469 0.089583
0 0.705859 0.470313 0.046094 0.096875
0 0.763672 0.502604 0.047656 0.107292
0 0.766016 0.604688 0.088281 0.069792
0 0.781641 0.733854 0.044531 0.113542
0 0.840625 0.763542 0.057813 0.108333
0 0.896875 0.616667 0.068750 0.047917
0 0.974219 0.584375 0.051562 0.070833
0 0.779687 0.379167 0.054688 0.062500
0 0.815234 0.357812 0.039844 0.061458
0 0.832422 0.352604 0.035156 0.092708