0 0.031667 0.060638 0.040000 0.100000
0 0.265000 0.031915 0.046667 0.055319
0 0.222500 0.124468 0.051667 0.074468
0 0.091667 0.180851 0.063333 0.089362
0 0.058333 0.284043 0.076667 0.065957
0 0.035833 0.242553 0.038333 0.093617
0 0.180000 0.305319 0.040000 0.070213
0 0.022500 0.504255 0.041667 0.059574
0 0.074167 0.621277 0.041667 0.093617
0 0.355833 0.730851 0.058333 0.065957
0 0.549167 0.624468 0.081667 0.044681
0 0.736667 0.522340 0.073333 0.078723
0 0.737500 0.778723 0.085000 0.080851
0 0.769167 0.847872 0.108333 0.057447
0 0.530833 0.857447 0.075000 0.059574
0 0.456667 0.907447 0.056667 0.087234
0 0.612500 0.965957 0.051667 0.042553
0 0.737500 0.979787 0.058333 0.040426
0 0.520000 0.976596 0.063333 0.034043
0 0.180000 0.977660 0.056667 0.040426
0 0.934167 0.838298 0.121667 0.093617