0 0.063000 0.110000 0.122000 0.080000
0 0.201000 0.417000 0.098000 0.214000
0 0.191000 0.053000 0.130000 0.066000
0 0.227000 0.119000 0.074000 0.130000
0 0.078000 0.255000 0.152000 0.110000
0 0.120000 0.267000 0.080000 0.094000
0 0.304000 0.243000 0.176000 0.082000
0 0.274000 0.055000 0.068000 0.098000
0 0.312000 0.153000 0.076000 0.082000
0 0.299000 0.128000 0.090000 0.068000
0 0.349000 0.073000 0.038000 0.090000
0 0.393000 0.120000 0.070000 0.136000
0 0.397000 0.025000 0.094000 0.046000
0 0.439000 0.074000 0.058000 0.052000
0 0.547000 0.022000 0.102000 0.040000
0 0.652000 0.027000 0.120000 0.050000
0 0.898000 0.021000 0.100000 0.038000
0 0.969000 0.093000 0.054000 0.106000
0 0.933000 0.169000 0.090000 0.058000
0 0.876000 0.187000 0.096000 0.106000
0 0.753000 0.121000 0.074000 0.062000
0 0.632000 0.110000 0.076000 0.068000
0 0.501000 0.160000 0.154000 0.048000
0 0.773000 0.185000 0.046000 0.038000
0 0.728000 0.153000 0.060000 0.046000
0 0.305000 0.340000 0.106000 0.132000
0 0.429000 0.325000 0.082000 0.170000
0 0.029000 0.420000 0.054000 0.164000
0 0.093000 0.501000 0.082000 0.118000
0 0.284000 0.588000 0.136000 0.084000
0 0.406000 0.485000 0.092000 0.118000
0 0.654000 0.302000 0.140000 0.160000
0 0.550000 0.301000 0.100000 0.150000
0 0.550000 0.393000 0.128000 0.070000
0 0.742000 0.213000 0.100000 0.070000
0 0.904000 0.341000 0.084000 0.062000
0 0.959000 0.331000 0.082000 0.042000
0 0.878000 0.361000 0.076000 0.174000
0 0.656000 0.513000 0.064000 0.122000
0 0.611000 0.612000 0.078000 0.192000
0 0.436000 0.655000 0.132000 0.130000
0 0.263000 0.695000 0.094000 0.114000
0 0.155000 0.658000 0.074000 0.128000
0 0.073000 0.597000 0.102000 0.094000
0 0.061000 0.633000 0.042000 0.066000
0 0.722000 0.622000 0.112000 0.060000
0 0.828000 0.484000 0.108000 0.128000
0 0.837000 0.573000 0.046000 0.114000
0 0.868000 0.597000 0.060000 0.174000
0 0.942000 0.609000 0.068000 0.122000
0 0.973000 0.683000 0.054000 0.098000
0 0.444000 0.440000 0.088000 0.068000
0 0.508000 0.439000 0.060000 0.066000
0 0.573000 0.464000 0.126000 0.060000
0 0.749000 0.667000 0.106000 0.058000
0 0.806000 0.705000 0.100000 0.078000