0 0.328000 0.213000 0.152000 0.222000
0 0.460000 0.170000 0.140000 0.292000
0 0.589000 0.169000 0.110000 0.302000
0 0.720000 0.206000 0.128000 0.152000
0 0.849000 0.309000 0.158000 0.146000
0 0.833000 0.466000 0.290000 0.084000
0 0.822000 0.592000 0.312000 0.120000
0 0.786000 0.726000 0.208000 0.184000
0 0.674000 0.819000 0.156000 0.234000
0 0.551000 0.838000 0.126000 0.276000
0 0.421000 0.845000 0.126000 0.230000
0 0.288000 0.812000 0.176000 0.160000
0 0.201000 0.701000 0.290000 0.106000
0 0.168000 0.539000 0.328000 0.098000
0 0.177000 0.394000 0.290000 0.144000
0 0.200000 0.265000 0.172000 0.146000