0 0.246000 0.133000 0.200000 0.106000
0 0.159000 0.218000 0.194000 0.096000
0 0.098000 0.317000 0.112000 0.118000
0 0.216000 0.272000 0.128000 0.112000
0 0.238000 0.324000 0.136000 0.116000
0 0.152000 0.388000 0.204000 0.072000
0 0.226000 0.420000 0.180000 0.164000
0 0.263000 0.516000 0.106000 0.196000
0 0.374000 0.581000 0.128000 0.218000
0 0.304000 0.757000 0.164000 0.126000
0 0.409000 0.717000 0.198000 0.118000
0 0.408000 0.308000 0.076000 0.232000
0 0.432000 0.533000 0.068000 0.234000
0 0.473000 0.457000 0.086000 0.258000
0 0.482000 0.315000 0.104000 0.218000
0 0.456000 0.119000 0.132000 0.182000
0 0.523000 0.080000 0.126000 0.156000
0 0.610000 0.127000 0.136000 0.230000
0 0.696000 0.136000 0.140000 0.188000
0 0.695000 0.259000 0.114000 0.218000
0 0.786000 0.262000 0.176000 0.104000
0 0.706000 0.430000 0.168000 0.244000
0 0.583000 0.448000 0.118000 0.364000
0 0.823000 0.376000 0.134000 0.244000
0 0.890000 0.382000 0.116000 0.160000
0 0.859000 0.502000 0.166000 0.180000
0 0.816000 0.694000 0.152000 0.252000
0 0.627000 0.747000 0.186000 0.258000